1;0;1;1;1;1;1;0;0;Manual
2;1;1;1;0;0;1;1;1;Automatic
3;0;0;0;0;1;0;1;1;Automatic
4;1;0;1;0;0;1;1;1;Automatic
5;1;1;1;1;0;1;1;1;Automatic
6;1;0;1;1;1;0;1;1;Automatic
7;0;1;0;1;0;1;0;1;Automatic
8;0;0;1;0;1;1;0;0;Automatic
9;1;0;0;0;1;1;1;0;Automatic
10;1;1;1;1;1;0;0;0;Automatic
11;1;0;1;0;0;0;0;0;Manual
12;0;0;0;1;0;0;0;1;Automatic
13;1;0;0;0;1;1;1;0;Manual
14;1;0;0;0;1;1;1;0;Manual
15;1;0;0;1;0;1;1;0;Automatic
16;0;1;1;0;0;0;1;1;Automatic
17;0;1;1;0;0;0;1;1;Manual
18;1;1;0;1;0;0;1;1;Manual
19;1;0;0;0;0;1;1;1;Manual
20;1;0;0;1;1;1;0;1;Automatic
21;0;1;1;1;1;1;1;1;Manual
22;1;0;0;0;0;1;1;0;Automatic
23;1;0;0;0;0;1;0;0;Automatic
24;1;1;1;0;0;0;0;1;Manual
25;0;1;0;1;0;1;1;0;Manual
26;1;1;1;1;0;0;0;0;Manual
27;0;0;0;0;0;1;1;1;Automatic
28;1;1;0;1;0;0;0;1;Manual
29;1;0;1;1;0;0;1;1;Manual
30;0;0;0;1;1;1;0;1;Automatic
31;1;0;1;0;1;0;0;1;Automatic
32;0;0;1;0;1;1;0;0;Automatic
33;0;1;0;1;0;1;1;1;Manual
34;1;0;1;0;1;0;0;0;Automatic
35;1;0;0;1;0;0;1;1;Manual
